BEIDOU G1               
1 36287U 10001A   18289.90042398 -.00000294  00000-0  00000-0 0  9997
2 36287   1.4744  10.4057 0004868 165.6431 313.5300  1.00271145 32097
BEIDOU G3               
1 36590U 10024A   18290.03476715 -.00000147  00000-0  00000+0 0  9995
2 36590   1.4211  26.2701 0004845 321.4900 144.0757  0.99671646 30708
BEIDOU IGSO 1           
1 36828U 10036A   18289.85406424 -.00000161  00000-0  10000-3 0  9991
2 36828  54.1500 188.7696 0072134 232.5551  30.9885  1.00283194 30137
BEIDOU G4               
1 37210U 10057A   18289.83264174 -.00000122  00000-0  00000+0 0  9994
2 37210   0.7608  39.2394 0007323 169.9798 275.9158  1.00271493 29207
BEIDOU IGSO 2           
1 37256U 10068A   18289.88238738 -.00000191  00000-0  10000-3 0  9999
2 37256  52.4537 305.5441 0066816 201.9304 313.3722  1.00293926 28721
BEIDOU IGSO 3           
1 37384U 11013A   18289.77479977 -.00000157  00000-0  10000-3 0  9994
2 37384  58.4562  67.8650 0037683 200.8728 155.5900  1.00270842 27595
BEIDOU IGSO 4           
1 37763U 11038A   18290.16928294 -.00000095  00000-0  10000-3 0  9999
2 37763  54.4458 191.1697 0055122 221.2905 127.5101  1.00256753 26563
BEIDOU IGSO 5           
1 37948U 11073A   18289.81665949 -.00000129  00000-0  10000-3 0  9996
2 37948  52.5273 305.0677 0058206 210.0310 259.1933  1.00267012 25326
BEIDOU G5               
1 38091U 12008A   18289.90743645  .00000047  00000-0  00000-0 0  9999
2 38091   1.6489  65.7593 0002335 286.4835  58.5303  1.00268756 24392
BEIDOU M3               
1 38250U 12018A   18289.55115181 -.00000084  00000-0  10000-3 0  9992
2 38250  56.5230  37.9001 0024868 229.2645 218.0856  1.86234247 44138
BEIDOU M4               
1 38251U 12018B   18290.02303475 -.00000086  00000-0  10000-3 0  9994
2 38251  56.4574  37.2901 0027510 224.2465 226.5127  1.86233439 44141
BEIDOU M6               
1 38775U 12050B   18289.52782075 -.00000004  00000-0  00000+0 0  9996
2 38775  54.9013 156.8740 0020386 242.0390  74.1856  1.86232185 41501
BEIDOU G6               
1 38953U 12059A   18289.89632766 -.00000186  00000-0  00000-0 0  9996
2 38953   1.3407  82.3685 0006614 189.4522 160.2345  1.00273000 21967
BEIDOU I1-S             
1 40549U 15019A   18289.58938193 -.00000138  00000-0  00000+0 0  9994
2 40549  53.8733 328.2106 0044032 189.6099 170.6564  1.00248450 13007
BEIDOU-3 M1             
1 40748U 15037A   18289.55133387 -.00000087  00000-0  00000+0 0  9997
2 40748  55.7288  36.9754 0006516 253.8347 149.2420  1.86231335 21966
BEIDOU-3 M2             
1 40749U 15037B   18289.71281986 -.00000087  00000-0  00000-0 0  9996
2 40749  55.7311  36.9584 0006868 274.0956  15.1261  1.86232269 21956
BEIDOU I2-S             
1 40938U 15053A   18289.95135303 -.00000116  00000-0  00000-0 0  9994
2 40938  53.5160 291.1589 0048250 179.8637 353.4568  1.00278444 11287
BEIDOU M3-S             
1 41315U 16006A   18288.42249656 -.00000010  00000-0  00000-0 0  9994
2 41315  55.0832 157.2253 0014209 113.2200  22.0288  1.85790447 18410
BEIDOU IGSO 6           
1 41434U 16021A   18289.88615632 -.00000107  00000-0  00000-0 0  9992
2 41434  56.1991  67.0739 0034006 185.4541 185.2884  1.00253380  9414
BEIDOU G7               
1 41586U 16037A   18289.89457918 -.00000365  00000-0  00000-0 0  9995
2 41586   0.7328   6.5007 0008296  28.4409  62.9496  1.00278548  8713
BEIDOU-3 M1             
1 43001U 17069A   18289.88852163 -.00000000  00000-0  00000+0 0  9990
2 43001  55.0556 156.6859 0008652 286.8949  43.5594  1.86231993  6449
BEIDOU-3 M2             
1 43002U 17069B   18289.75776265 -.00000001  00000-0  00000-0 0  9997
2 43002  55.0551 156.7244 0008535 310.3787 337.0116  1.86231550  6436
BEIDOU-3 M3             
1 43107U 18003A   18289.62359760 -.00000086  00000-0  00000-0 0  9998
2 43107  55.1463  38.5099 0003289  28.4664 334.5510  1.86232806  5201
BEIDOU-3 M4             
1 43108U 18003B   18290.05148517 -.00000086  00000-0  00000+0 0  9993
2 43108  55.1398  38.4895 0004032 217.6975 117.2254  1.86232898  5208
BEIDOU-3 M5             
1 43207U 18018A   18289.99984665  .00000001  00000-0  00000+0 0  9998
2 43207  55.0135 156.8392 0006528 334.5055  25.5461  1.86231671  4593
BEIDOU-3 M6             
1 43208U 18018B   18289.52972725 -.00000004  00000-0  00000+0 0  9996
2 43208  55.0150 156.8616 0007429 300.2632  59.7498  1.86231717  4581
BEIDOU-3 M7             
1 43245U 18029A   18289.64351707 -.00000089  00000-0  00000-0 0  9997
2 43245  55.1162  36.3384 0001019 206.1106  80.0419  1.86232921  3733
BEIDOU-3 M8             
1 43246U 18029B   18290.05251387 -.00000089  00000-0  10000-3 0  9992
2 43246  55.1126  36.3579 0003649 310.9972 294.7248  1.86233080  3737
BEIDOU IGSO-7           
1 43539U 18057A   18289.93116953 -.00000150  00000-0  00000+0 0  9996
2 43539  55.0401 187.8908 0021357 177.4457 106.0193  1.00259843  1075
BEIDOU-3 M9             
1 43581U 18062A   18289.61281931  .00000003  00000-0  00000-0 0  9990
2 43581  54.9367 278.0955 0006490 248.1938 272.6003  1.86231630  1479
BEIDOU-3 M10            
1 43582U 18062B   18289.52787809  .00000003  00000-0  00000-0 0  9996
2 43582  54.9377 278.0866 0004835 296.9344 257.0753  1.86231940  1478
BEIDOU-3 M11            
1 43602U 18067A   18290.06517661  .00000004  00000-0  00000+0 0  9992
2 43602  54.9983 276.5788 0005575 323.3086 274.9577  1.86231477   971
BEIDOU-3 M12            
1 43603U 18067B   18289.53939380  .00000004  00000-0  00000+0 0  9999
2 43603  54.9954 276.5653 0003569 298.4842 217.9948  1.86231464   980
BEIDOU-3 M13            
1 43622U 18072A   18289.72695845 -.00000002  00000-0  00000+0 0  9991
2 43622  54.9782 156.4551 0004892 287.2324  24.8935  1.86231969   491
BEIDOU-3 M14            
1 43623U 18072B   18290.13283796  .00000003  00000-0  00000+0 0  9997
2 43623  54.9775 156.4326 0004741 317.2549 357.1025  1.86232499   503
