IRIDIUM 106             
1 41917U 17003A   18289.79646186  .00000124  00000-0  37231-4 0  9995
2 41917  86.4025 178.7556 0002619  86.4786 273.6709 14.34216212 91825
IRIDIUM 103             
1 41918U 17003B   18289.78377877  .00000073  00000-0  19148-4 0  9993
2 41918  86.4024 178.6701 0001963 100.0547 260.0870 14.34217891 91851
IRIDIUM 109             
1 41919U 17003C   18289.79011499  .00000077  00000-0  20531-4 0  9992
2 41919  86.4025 178.6807 0002083  87.7469 272.3965 14.34219204 91815
IRIDIUM 102             
1 41920U 17003D   18289.82817220  .00000067  00000-0  16997-4 0  9994
2 41920  86.4024 178.6487 0001829  83.7878 276.3526 14.34218059 91901
IRIDIUM 105             
1 41921U 17003E   18289.72944667  .00000072  00000-0  18632-4 0  9994
2 41921  86.3978 147.0807 0003433  97.4023 262.7563 14.34217011 93743
IRIDIUM 104             
1 41922U 17003F   18289.84085987  .00000067  00000-0  16793-4 0  9999
2 41922  86.4025 178.6430 0002480  90.1065 270.0415 14.34218446 91892
IRIDIUM 114             
1 41923U 17003G   18289.84720171  .00000064  00000-0  15805-4 0  9991
2 41923  86.4025 178.6317 0002378  78.1236 282.0226 14.34217674 91894
IRIDIUM 108             
1 41924U 17003H   18289.73595150  .00000089  00000-0  24543-4 0  9993
2 41924  86.3976 147.1401 0002494  80.7610 279.3867 14.34216700 93732
IRIDIUM 112             
1 41925U 17003J   18289.83451909  .00000073  00000-0  19151-4 0  9990
2 41925  86.4021 178.6122 0001949  69.0505 291.0899 14.34217383 91902
IRIDIUM 111             
1 41926U 17003K   18289.82182778  .00000066  00000-0  16439-4 0  9993
2 41926  86.4022 178.6275 0002072  94.2832 265.8600 14.34219655 91873
IRIDIUM 113             
1 42803U 17039A   18289.87155552  .00000090  00000-0  25186-4 0  9998
2 42803  86.3993  52.2351 0002300 108.2742 251.8704 14.34216971 69813
IRIDIUM 123             
1 42804U 17039B   18289.91303026 -.00000002  00000-0 -77804-5 0  9995
2 42804  86.3939  83.8246 0001825  93.6639 266.4765 14.34213945 68580
IRIDIUM 120             
1 42805U 17039C   18289.86522289  .00000087  00000-0  23847-4 0  9992
2 42805  86.3982  52.3830 0002434 109.3947 250.7512 14.34217305 69809
IRIDIUM 115             
1 42806U 17039D   18289.84625257  .00000099  00000-0  23544-4 0  9997
2 42806  86.4522  52.0866 0000903 333.5778  26.5376 14.43280483 70355
IRIDIUM 118             
1 42807U 17039E   18289.94473287  .00000006  00000-0 -50323-5 0  9998
2 42807  86.3938  83.8206 0001575  81.6968 278.4406 14.34216308 68583
IRIDIUM 117             
1 42808U 17039F   18289.89399072 -.00000000  00000-0 -71615-5 0  9994
2 42808  86.3938  83.8239 0002554  98.1031 262.0454 14.34215027 68604
IRIDIUM 126             
1 42809U 17039G   18289.91936567  .00000005  00000-0 -51956-5 0  9994
2 42809  86.3939  83.8210 0002011  91.7888 268.3538 14.34216193 68597
IRIDIUM 124             
1 42810U 17039H   18289.86990692  .00000233  00000-0  24501-4 0  9996
2 42810  85.6832  30.1308 0012604  13.9334 346.2233 14.84168096 70894
IRIDIUM 128             
1 42811U 17039J   18289.91009813  .00000017  00000-0 -10733-5 0  9993
2 42811  86.3932 115.4051 0002010 119.0159 241.1239 14.34218951 68616
IRIDIUM 121             
1 42812U 17039K   18289.93839160 -.00000001  00000-0 -74029-5 0  9994
2 42812  86.3940  83.8259 0001910  93.6321 266.5093 14.34215272 68465
IRIDIUM 133             
1 42955U 17061A   18289.94182930  .00000025  00000-0  18974-5 0  9995
2 42955  86.3932 115.4447 0001920 106.9429 253.1977 14.34218583 53413
IRIDIUM 100             
1 42956U 17061B   18289.93547688  .00000026  00000-0  22144-5 0  9995
2 42956  86.3931 115.4331 0002153  90.5070 269.6372 14.34217293 53434
IRIDIUM 122             
1 42957U 17061C   18289.90377805  .00000012  00000-0 -27661-5 0  9990
2 42957  86.3931 115.4410 0001998 112.9637 247.1770 14.34218113 53410
IRIDIUM 129             
1 42958U 17061D   18289.92915437  .00000013  00000-0 -22535-5 0  9998
2 42958  86.3932 115.4667 0001867 101.8633 258.2772 14.34216625 53437
IRIDIUM 119             
1 42959U 17061E   18289.89744194  .00000018  00000-0 -77887-6 0  9991
2 42959  86.3933 115.4620 0001695 100.3337 259.8050 14.34217997 53442
IRIDIUM 107             
1 42960U 17061F   18289.91644653  .00000027  00000-0  24811-5 0  9992
2 42960  86.3933 115.4579 0002150  93.2102 266.9339 14.34218421 53468
IRIDIUM 132             
1 42961U 17061G   18289.92279295  .00000018  00000-0 -62691-6 0  9990
2 42961  86.3933 115.4495 0002350  93.4472 266.6992 14.34218747 53452
IRIDIUM 136             
1 42962U 17061H   18289.95450878  .00000018  00000-0 -74827-6 0  9996
2 42962  86.3934 115.4348 0001588  95.1218 265.0159 14.34217865 53470
IRIDIUM 139             
1 42963U 17061J   18289.89107233  .00000028  00000-0  29422-5 0  9994
2 42963  86.3934 115.4779 0002128  95.8479 264.2960 14.34217375 53473
IRIDIUM 125             
1 42964U 17061K   18289.94815965  .00000013  00000-0 -23242-5 0  9998
2 42964  86.3936 115.4646 0002061  90.0479 270.0953 14.34217287 53493
IRIDIUM 135             
1 43070U 17083A   18289.85253762  .00000090  00000-0  24927-4 0  9996
2 43070  86.3988  52.2646 0002348  81.9958 278.1504 14.34217964 42778
IRIDIUM 138             
1 43071U 17083B   18289.87789473  .00000097  00000-0  27438-4 0  9999
2 43071  86.3976  52.2302 0002064 100.4203 259.7226 14.34217321 42762
IRIDIUM 116             
1 43072U 17083C   18289.84617905  .00000085  00000-0  23346-4 0  9998
2 43072  86.3986  52.2862 0001819  87.0119 273.1284 14.34216364 42791
IRIDIUM 130             
1 43073U 17083D   18289.88425621  .00000091  00000-0  25260-4 0  9999
2 43073  86.3995  52.2699 0001966  97.7884 262.3535 14.34217527 42746
IRIDIUM 151             
1 43074U 17083E   18289.85887243  .00000088  00000-0  24389-4 0  9996
2 43074  86.3988  52.2739 0001701  87.2207 272.9184 14.34216410 42763
IRIDIUM 134             
1 43075U 17083F   18289.89691671  .00000078  00000-0  20964-4 0  9993
2 43075  86.3989  52.2263 0002442  96.7862 263.3612 14.34215590 42737
IRIDIUM 137             
1 43076U 17083G   18289.83984179  .00000090  00000-0  25070-4 0  9993
2 43076  86.3991  52.2928 0001584  86.3018 273.8359 14.34216718 42796
IRIDIUM 141             
1 43077U 17083H   18289.90327148  .00000098  00000-0  27998-4 0  9998
2 43077  86.3986  52.2498 0001805  99.4906 260.6493 14.34218663 42806
IRIDIUM 153             
1 43078U 17083J   18289.85545911  .00000091  00000-0  25564-4 0  9993
2 43078  86.4020  20.6781 0002036 131.6859 228.4511 14.34219473 43909
IRIDIUM 131             
1 43079U 17083K   18289.89057570  .00000089  00000-0  24689-4 0  9991
2 43079  86.3993  52.2537 0002150  99.6944 260.4495 14.34217051 42730
IRIDIUM 144             
1 43249U 18030A   18289.86180406  .00000082  00000-0  22080-4 0  9991
2 43249  86.4017  20.6881 0002648  93.5187 266.6312 14.34218523 28782
IRIDIUM 149             
1 43250U 18030B   18289.86814922  .00000075  00000-0  19766-4 0  9999
2 43250  86.4016  20.6823 0002685  90.2690 269.8813 14.34216883 28781
IRIDIUM 157             
1 43251U 18030C   18289.81739262  .00000083  00000-0  22555-4 0  9997
2 43251  86.4018  20.6942 0001610  99.7266 260.4111 14.34219775 28754
IRIDIUM 140             
1 43252U 18030D   18289.83643583  .00000086  00000-0  23679-4 0  9991
2 43252  86.4019  20.6997 0003564  92.4550 267.7054 14.34217340 28811
IRIDIUM 145             
1 43253U 18030E   18289.82374752  .00000071  00000-0  18253-4 0  9996
2 43253  86.4018  20.6894 0003349  68.0429 292.1123 14.34217759 28747
IRIDIUM 146             
1 43254U 18030F   18289.87448008  .00000077  00000-0  20273-4 0  9999
2 43254  86.4018  20.6860 0002398  82.3315 277.8153 14.34219392 28767
IRIDIUM 148             
1 43255U 18030G   18289.84277143  .00000079  00000-0  21207-4 0  9997
2 43255  86.4019  20.7025 0001946  88.6790 271.4628 14.34218723 28794
IRIDIUM 142             
1 43256U 18030H   18289.81105489  .00000089  00000-0  24631-4 0  9993
2 43256  86.4016  20.7085 0002194  92.5744 267.5702 14.34218801 28759
IRIDIUM 150             
1 43257U 18030J   18289.84912048  .00000074  00000-0  19256-4 0  9995
2 43257  86.4019  20.7188 0002371  94.1540 265.9927 14.34217475 28786
IRIDIUM 143             
1 43258U 18030K   18289.83008870  .00000082  00000-0  22062-4 0  9992
2 43258  86.4023  20.7025 0002810  78.4614 281.6897 14.34218504 28715
IRIDIUM 161             
1 43478U 18047C   18289.82709951  .00000068  00000-0  14100-4 0  9999
2 43478  86.4546 178.7943 0001997  92.4075 267.7354 14.43278088 21229
IRIDIUM 152             
1 43479U 18047D   18289.80280007  .00000067  00000-0  16865-4 0  9993
2 43479  86.4020 178.6853 0002054  73.4094 286.7327 14.34218853 21114
IRIDIUM 147             
1 43480U 18047E   18289.80914053  .00000075  00000-0  19882-4 0  9991
2 43480  86.4021 178.6403 0001807  87.0913 273.0489 14.34219250 21103
IRIDIUM 110             
1 43481U 18047F   18289.81548942  .00000070  00000-0  17852-4 0  9993
2 43481  86.4023 178.6542 0002494  88.1642 271.9840 14.34217598 21093
IRIDIUM 162             
1 43482U 18047G   18289.82078251  .00000081  00000-0  17974-4 0  9993
2 43482  86.4545 178.7274 0002158  94.7993 265.3454 14.43279610 21210
IRIDIUM 160             
1 43569U 18061A   18290.11016080  .00000059  00000-0  14134-4 0  9991
2 43569  86.3974 146.9300 0001797  81.5514 278.5885 14.34218529 12035
IRIDIUM 166             
1 43570U 18061B   18289.92623097  .00000060  00000-0  14458-4 0  9993
2 43570  86.3973 146.9960 0002320  84.7251 275.4210 14.34219739 12036
IRIDIUM 158             
1 43571U 18061C   18289.75498052  .00000065  00000-0  16304-4 0  9993
2 43571  86.3974 147.0744 0002181  76.4901 283.6538 14.34218381 11973
IRIDIUM 165             
1 43572U 18061D   18289.71057194  .00000109  00000-0  31830-4 0  9998
2 43572  86.3975 147.0882 0002199  78.5063 281.6380 14.34221421 11993
IRIDIUM 155             
1 43573U 18061E   18289.74228786  .00000062  00000-0  15063-4 0  9997
2 43573  86.3971 147.0769 0002602 101.7917 258.3571 14.34219090 11969
IRIDIUM 154             
1 43574U 18061F   18289.79303375  .00000063  00000-0  15516-4 0  9995
2 43574  86.3975 147.0572 0001724  80.4910 279.6481 14.34218787 12022
IRIDIUM 163             
1 43575U 18061G   18289.70423430  .00000059  00000-0  13861-4 0  9998
2 43575  86.3973 147.0942 0002557  67.9719 292.1748 14.34219381 11985
IRIDIUM 156             
1 43576U 18061H   18289.74864519  .00000063  00000-0  15375-4 0  9997
2 43576  86.3973 147.0797 0002517  84.4278 275.7204 14.34217707 11988
IRIDIUM 164             
1 43577U 18061J   18289.72960999  .00000062  00000-0  15033-4 0  9995
2 43577  86.3974 147.0856 0001962  78.9723 281.1693 14.34218644 12022
IRIDIUM 159             
1 43578U 18061K   18289.69789254  .00000083  00000-0  22489-4 0  9991
2 43578  86.3972 147.0944 0001906  82.8017 277.3395 14.34218053 11981
