IRIDIUM 7 [-]           
1 24793U 97020B   18289.92664187  .00000080  00000-0  21530-4 0  9997
2 24793  86.3924 115.5848 0002131  88.1722 271.9718 14.34265920122732
IRIDIUM 5 [-]           
1 24795U 97020D   18289.89203866  .00000361  00000-0  36235-4 0  9998
2 24795  86.3933 104.9221 0141792  88.9823 272.7639 14.79974706124526
IRIDIUM 4 [-]           
1 24796U 97020E   18289.94572975  .00000109  00000-0  31173-4 0  9991
2 24796  86.3917 114.0983 0002093  91.5521  18.6000 14.35191625123083
IRIDIUM 914 [-]         
1 24836U 97030A   18289.94750135  .00000103  00000-0  27122-4 0  9996
2 24836  86.3913 129.5538 0001444  33.1331 326.9957 14.38843768256832
IRIDIUM 16 [-]          
1 24841U 97030F   18289.74081167  .00000092  00000-0  24284-4 0  9995
2 24841  86.4040 146.2878 0004015 111.7072 248.4553 14.36801936117188
IRIDIUM 911 [-]         
1 24842U 97030G   18289.71308462  .00000119  00000-0  28324-4 0  9992
2 24842  86.4468 146.7968 0012401 276.9190  83.0601 14.45058933123210
IRIDIUM 17 [-]          
1 24870U 97034B   18289.82540065  .00000094  00000-0  25648-4 0  9994
2 24870  86.4014 176.2822 0003749  74.5621 285.5989 14.35844107114001
IRIDIUM 920 [-]         
1 24871U 97034C   18289.74844763  .00000124  00000-0  33344-4 0  9994
2 24871  86.4003 161.3530 0011813 169.9304 190.2134 14.39557165116082
IRIDIUM 921 [-]         
1 24873U 97034E   18289.95441860  .00001288  00000-0  72731-4 0  9995
2 24873  86.3985 195.7482 0008918  35.7697 324.4137 15.12113605161359
IRIDIUM 26 [-]          
1 24903U 97043A   18289.77698906  .00000049  00000-0  10249-4 0  9994
2 24903  86.3984  51.0856 0002186  98.2445 261.9000 14.35331282107291
IRIDIUM 46 [-]          
1 24905U 97043C   18289.87062637  .00128033  26544-5  68905-3 0  9994
2 24905  86.3824  33.7883 0228742 148.0502 213.4872 15.51383201110075
IRIDIUM 22 [-]          
1 24907U 97043E   18289.89069966  .00000110  00000-0  32275-4 0  9991
2 24907  86.3983  52.7019 0002048  93.3296 266.8134 14.34267104107607
DUMMY MASS 1 [-]        
1 24925U 97048A   18289.78102021  .00000067  00000-0  45254-5 0  9997
2 24925  86.3401 179.0756 0009126 114.0519 246.1661 14.85184534143805
DUMMY MASS 2 [-]        
1 24926U 97048B   18290.16505616  .00000069  00000-0  47545-5 0  9996
2 24926  86.3401 180.0931 0009786 120.3397 239.8795 14.84952244143693
IRIDIUM 29 [-]          
1 24944U 97051A   18289.95273687  .00000123  00000-0  36633-4 0  9991
2 24944  86.3932  83.3076 0001934  86.5138 273.6279 14.34674706104004
IRIDIUM 32 [+]          
1 24945U 97051B   18289.92566878 -.00000062  00000-0 -29353-4 0  9991
2 24945  86.3919  83.6433 0001862  72.3707 287.7692 14.34211005104188
IRIDIUM 33 [-]          
1 24946U 97051C   18289.89199311  .00000101  00000-0  29130-4 0  9997
2 24946  86.3847  83.0524 0009987  96.4204 263.8129 14.33620347103753
IRIDIUM 28 [-]          
1 24948U 97051E   18289.92418868  .00000102  00000-0  28626-4 0  9994
2 24948  86.3938  82.2595 0002414  96.8855 263.2616 14.35629172104347
IRIDIUM 31 [B]          
1 24950U 97051G   18289.89143188 -.00000035  00000-0 -18111-4 0  9998
2 24950  86.4191  83.8022 0001808  96.4185 263.7219 14.38601113104434
IRIDIUM 35 [B]          
1 24966U 97056B   18289.89471057 -.00000067  00000-0 -28367-4 0  9998
2 24966  86.4183 115.3077 0001790  81.3044 278.8357 14.38604195102093
IRIDIUM 36 [-]          
1 24967U 97056C   18289.91092128  .00000106  00000-0  29776-4 0  9997
2 24967  86.3931 113.9450 0002167  84.7806 275.3638 14.35684687102696
IRIDIUM 39 [-]          
1 25042U 97069D   18289.76929768  .00000117  00000-0  26843-4 0  9992
2 25042  86.3965 171.6405 0020432 130.4360 229.8629 14.46267244 96782
IRIDIUM 38 [-]          
1 25043U 97069E   18289.78469868  .00000100  00000-0  27379-4 0  9992
2 25043  86.4012 175.1662 0003038 105.0580 255.0953 14.36111861 96307
IRIDIUM 42 [-]          
1 25077U 97077A   18289.79175742  .00000134  00000-0  40633-4 0  9999
2 25077  86.4020 178.4674 0002407  95.8899 264.2572 14.34531446 91947
IRIDIUM 44 [-]          
1 25078U 97077B   18289.76625539  .00000100  00000-0  26353-4 0  9997
2 25078  86.4000 166.8353 0003863  97.8274 262.3363 14.38210406 93535
IRIDIUM 45 [+]          
1 25104U 97082A   18289.90665129 -.00000051  00000-0 -25395-4 0  9990
2 25104  86.3926  83.7838 0002370 105.3189 254.8268 14.34211380 89878
IRIDIUM 24 [-]          
1 25105U 97082B   18289.84307708  .00000101  00000-0  25682-4 0  9993
2 25105  86.3964  29.9187 0011819 172.4262 187.7117 14.39947625 92633
IRIDIUM 52 [P]          
1 25169U 98010A   18289.73945098  .00000079  00000-0  19262-4 0  9994
2 25169  86.4215 147.0642 0002267  79.0251 281.1202 14.38615106 81253
IRIDIUM 54 [+]          
1 25171U 98010C   18289.74576757  .00000048  00000-0  90457-5 0  9992
2 25171  86.4222 147.0867 0002139  79.4619 280.6820 14.38612907 81709
IRIDIUM 51 [-]          
1 25262U 98018A   18289.93204506  .00000814  00000-0  55500-4 0  9992
2 25262  86.3952 103.0139 0209224  46.3650 315.4715 14.88201772 82491
IRIDIUM 61 [B]          
1 25263U 98018B   18289.88821933 -.00000053  00000-0 -23759-4 0  9994
2 25263  86.4195 115.5179 0001048 119.3037 240.8266 14.38603875 76533
IRIDIUM 55 [B]          
1 25272U 98019A   18289.89787023 -.00000043  00000-0 -20728-4 0  9999
2 25272  86.4185  83.5838 0001669  94.9045 265.2344 14.38602932 75804
IRIDIUM 57 [-]          
1 25273U 98019B   18289.97397670  .00000102  00000-0  29194-4 0  9994
2 25273  86.3935  83.8706 0002044  91.1697 268.9733 14.34317663 75840
IRIDIUM 58 [B]          
1 25274U 98019C   18289.90415853 -.00000081  00000-0 -32870-4 0  9995
2 25274  86.4184  84.0897 0002040  99.7226 260.4203 14.38597047 75805
IRIDIUM 59 [+]          
1 25275U 98019D   18289.95103372 -.00000065  00000-0 -30328-4 0  9999
2 25275  86.3928  83.9230 0001833  85.7337 274.4068 14.34211537 75916
IRIDIUM 60 [+]          
1 25276U 98019E   18289.88759575 -.00000047  00000-0 -23902-4 0  9994
2 25276  86.3925  83.5491 0001915  90.6325 269.5090 14.34211450 75613
IRIDIUM 62 [B]          
1 25285U 98021A   18289.85981651  .00000163  00000-0  46666-4 0  9995
2 25285  86.4261  20.4894 0002162 102.2021 257.9419 14.38610681 74856
IRIDIUM 63 [-]          
1 25286U 98021B   18289.85165898  .00000084  00000-0  22564-4 0  9996
2 25286  86.4038  20.9095 0001991  92.0803  46.9414 14.34745138 74549
IRIDIUM 64 [B]          
1 25287U 98021C   18289.86613694  .00000165  00000-0  47451-4 0  9992
2 25287  86.4261  20.5325 0002290  95.4950 264.6510 14.38610283 74556
IRIDIUM 69 [-]          
1 25319U 98026A   18289.89587611  .00000108  00000-0  28707-4 0  9995
2 25319  86.4024  40.9763 0004117 103.0380 257.1278 14.38759597 72776
IRIDIUM 71 [-]          
1 25320U 98026B   18289.88519745  .00000070  00000-0  16170-4 0  9998
2 25320  86.4011  36.6349 0002938 137.7025 222.4401 14.39167866 73211
IRIDIUM 73 [-]          
1 25344U 98032C   18289.75927646  .00000116  00000-0  25114-4 0  9999
2 25344  86.4461 357.3131 0001760 105.2702 254.8697 14.49138414 77715
IRIDIUM 82 [-]          
1 25467U 98051A   18289.73464773  .00000821  00000-0  58460-4 0  9994
2 25467  86.4026 158.5071 0183289  96.1954 266.0187 14.90074272 59273
IRIDIUM 2 [-]           
1 25527U 98066A   18289.89113253  .00001313  00000-0  63296-4 0  9998
2 25527  85.5262 104.7163 0011275  98.1555 262.0965 15.17631186 92158
IRIDIUM 84 [-]          
1 25530U 98066D   18290.09533698  .00912689 -14328-5  78696-3 0  9995
2 25530  86.3662 143.7729 0258457  61.7478 300.9619 15.71255609 47139
IRIDIUM 83 [P]          
1 25531U 98066E   18289.88751862  .00139787  27510-5  56169-3 0  9993
2 25531  86.4020 146.4807 0379411 169.5844 191.3562 15.25137613 44133
IRIDIUM 20 [-]          
1 25577U 98074A   18290.16110960  .03835523 -90859-6  42053-3 0  9992
2 25577  86.5993  51.2312 0252928 321.3205  37.0188 15.86063649 38428
IRIDIUM 11 [-]          
1 25578U 98074B   18290.18331621  .02881124 -10221-5  36136-3 0  9990
2 25578  86.4052  51.0364 0230698 306.9274  51.1066 15.90556148 47422
IRIDIUM 14 [+]          
1 25777U 99032A   18289.85344971  .00000177  00000-0  51224-4 0  9993
2 25777  86.4294  20.5535 0001950 109.7130 250.4279 14.38612626 24373
IRIDIUM 91 [+]          
1 27372U 02005A   18289.93200374 -.00000067  00000-0 -31050-4 0  9992
2 27372  86.3931  83.7547 0001557  91.8796 268.2578 14.34211200881345
IRIDIUM 90 [-]          
1 27373U 02005B   18290.17659670  .00145744  46340-5  50290-3 0  9996
2 27373  86.4223 130.2824 0196967 219.3226 139.3604 15.65195848883773
IRIDIUM 95 [+]          
1 27375U 02005D   18289.90030314 -.00000040  00000-0 -21182-4 0  9993
2 27375  86.3928  83.7711 0001471  70.0157 290.1197 14.34211900880642
IRIDIUM 96 [-]          
1 27376U 02005E   18290.13509832  .00044948 -93794-6  40430-3 0  9995
2 27376  86.3717  95.4631 0261501 111.2441 251.6955 15.35146753888632
IRIDIUM 97 [B]          
1 27450U 02031A   18289.95142752 -.00000035  00000-0 -17839-4 0  9999
2 27450  86.4190 115.5273 0001999  79.8470 280.2954 14.38611219860049
