ASTRA 1D                
1 23331U 94070A   18289.78613010 -.00000272  00000-0  00000+0 0  9997
2 23331   8.2666  45.9339 0003338 165.6641  23.6894  1.00271089 88085
ASTRA 1F                
1 23842U 96021A   18289.88131934  .00000127  00000-0  00000-0 0  9992
2 23842   0.0724 303.7307 0004616 249.8495 193.3582  1.00274536 24268
AMC-1 (GE-1)            
1 24315U 96054A   18289.52414985  .00000057  00000-0  00000-0 0  9997
2 24315   2.5908  82.5133 0002686 111.9645 248.3236  1.00273130 18242
AMC-2 (GE-2)            
1 24713U 97002A   18289.85558477 -.00000219  00000-0  00000-0 0  9995
2 24713   5.2300  63.4504 0005019 139.9336  45.0981  1.00271107 79507
AMC-3 (GE-3)            
1 24936U 97050A   18289.85811462 -.00000270  00000-0  00000-0 0  9998
2 24936   1.4207  89.8761 0002568 100.7721  71.6129  1.00271947 24359
NSS-5                   
1 24957U 97053A   18289.96733321  .00000099  00000-0  00000-0 0  9991
2 24957   4.7716  66.8800 0003098 133.0224 224.2736  1.00273797 77092
ASTRA 1G                
1 25071U 97076A   18289.88393640  .00000058  00000-0  00000-0 0  9996
2 25071   3.3194  76.3651 0003284 120.1009 204.3090  1.00273357 76475
NSS-806                 
1 25239U 98014A   18290.17549406  .00000043  00000-0  00000+0 0  9995
2 25239   0.1691 122.1273 0003688  84.7498 131.8152  0.99076089 75576
ASTRA 2A                
1 25462U 98050A   18290.03607568 -.00000315  00000-0  00000+0 0  9995
2 25462   0.2225 104.6117 0002840  95.2822 298.6390  1.00271673 73660
ASTRA 1H                
1 25785U 99033A   18289.85636988 -.00000238  00000-0  00000-0 0  9996
2 25785   4.7551  67.0225 0003050 136.3524  49.4898  1.00271946 23338
AMC-4 (GE-4)            
1 25954U 99060A   18289.30585791  .00000076  00000-0  00000-0 0  9998
2 25954   0.0202 108.6923 0002556 100.9377 150.3800  1.00273244 15629
ASTRA 2B                
1 26494U 00054A   18289.87634689  .00000109  00000-0  00000-0 0  9993
2 26494   3.2123  77.0159 0005143 130.0197 153.1772  1.00272068 18800
AMC-7 (GE-7)            
1 26495U 00054B   18289.30612467  .00000076  00000-0  00000-0 0  9995
2 26495   0.0896  88.9198 0002408 147.7470 123.3347  1.00271291 66152
NSS-11 (AAP-1)          
1 26554U 00059A   18289.44194788  .00000014  00000-0  00000+0 0  9993
2 26554   0.0521  78.8789 0002213 109.1615 171.9807  1.00273321 66093
AMC-6 (GE-6)            
1 26580U 00067A   18289.85593370 -.00000227  00000-0  00000-0 0  9994
2 26580   0.0544  80.4287 0002559 129.5111  40.5373  1.00273259 65895
ASTRA 2D                
1 26638U 00081A   18289.10574827  .00000021  00000-0  00000-0 0  9999
2 26638   4.5864  67.7628 0001882 143.7356 216.3528  1.00270324 24820
AMC-8 (GE-8)            
1 26639U 00081B   18290.20069653  .00000093  00000-0  00000+0 0  9997
2 26639   0.0737  85.6583 0002256 145.6358  87.6448  1.00272357 65192
ASTRA 2C                
1 26853U 01025A   18289.87721924  .00000127  00000-0  00000-0 0  9990
2 26853   1.4445  89.5855 0002601  98.3589 176.8994  1.00270743 16976
ASTRA 3A                
1 27400U 02015B   18289.24677869 -.00000290  00000-0  00000-0 0  9990
2 27400   4.7363  66.4766 0002774 135.5279 224.5625  1.00269692 60642
NSS-7                   
1 27414U 02019A   18289.21093538 -.00000166  00000-0  00000-0 0  9993
2 27414   2.9080  80.4051 0002480 119.7181 240.5209  1.00272480 60483
NSS-6                   
1 27603U 02057A   18289.90188194 -.00000281  00000-0  00000-0 0  9992
2 27603   0.0371  95.7772 0002516 119.9893 229.2988  1.00272522 58017
AMC-10 (GE-10)          
1 28154U 04003A   18289.64563321  .00000076  00000-0  00000+0 0  9997
2 28154   0.0172 119.0561 0001692  29.6276 333.8703  1.00274622 53857
AMC-11 (GE-11)          
1 28252U 04017A   18289.91813285  .00000058  00000-0  00000+0 0  9998
2 28252   0.0156 330.2410 0002775 240.0738  14.6019  1.00272115 52626
AMC-15                  
1 28446U 04041A   18290.17514684 -.00000100  00000-0  00000+0 0  9990
2 28446   0.0447  53.5220 0002597 152.7477 137.3833  1.00271157 51305
AMC-16                  
1 28472U 04048A   18289.85558477 -.00000217  00000-0  00000-0 0  9997
2 28472   0.0515  73.4517 0002552 127.3713  47.5177  1.00271112 50664
NSS-10 (AMC-12)         
1 28526U 05003A   18289.90932387 -.00000261  00000-0  00000-0 0  9990
2 28526   0.0166 284.8590 0002932 282.7047 107.7382  1.00272474 25079
ASTRA 1KR               
1 29055U 06012A   18289.32063207  .00000108  00000-0  00000-0 0  9990
2 29055   0.0559 268.0540 0005147 307.5156 303.8578  1.00273130 17651
AMC-18                  
1 29644U 06054B   18289.70124962  .00000092  00000-0  00000+0 0  9999
2 29644   0.0132 192.5279 0001878 306.9438 359.1454  1.00278919 43471
ASTRA 1L                
1 31306U 07016A   18289.82619021  .00000109  00000-0  00000-0 0  9994
2 31306   0.0678 298.3397 0003520 306.2509  97.3333  1.00273300 16980
ASTRA 4A (SIRIUS 4)     
1 32299U 07057A   18289.87346810  .00000022  00000-0  00000-0 0  9993
2 32299   0.0074 190.4796 0002899   6.6057 147.5308  1.00274126 23608
AMC-21                  
1 33275U 08038B   18289.63224608  .00000025  00000-0  00000-0 0  9995
2 33275   0.0504  69.4296 0002339 131.6281 286.7595  1.00271306 37413
ASTRA 1M                
1 33436U 08057A   18289.87634689  .00000109  00000-0  00000-0 0  9998
2 33436   0.0424 109.0113 0005260  58.5834 192.4145  1.00271175 17651
CIEL-2                  
1 33453U 08063A   18289.63146095  .00000046  00000-0  00000-0 0  9997
2 33453   0.0476  95.5063 0002934  99.3273 288.7542  1.00273038 36072
NSS-9                   
1 33749U 09008A   18289.76545521  .00000061  00000-0  00000-0 0  9993
2 33749   0.0535  68.3048 0002250 129.9553 285.6181  1.00272554 35446
SES-7 (PROTOSTAR 2)     
1 34941U 09027A   18289.87905285 -.00000356  00000-0  00000-0 0  9996
2 34941   0.1097  93.3777 0001727 148.4804 208.2090  1.00271256 34554
NSS-12                  
1 36032U 09058A   18289.77151702  .00000060  00000-0  00000+0 0  9999
2 36032   0.0228 307.1385 0002691 266.6137 146.2556  1.00271614 32853
SES-1                   
1 36516U 10016A   18290.22588935 -.00000126  00000-0  00000+0 0  9990
2 36516   0.0412  55.1178 0001962 139.0095 171.8963  1.00274125 31069
ASTRA 3B                
1 36581U 10021A   18289.87721924  .00000126  00000-0  00000-0 0  9994
2 36581   0.0625 303.8001 0002939 260.4049 160.4615  1.00269769 30793
SES-3                   
1 37748U 11035A   18289.92380319 -.00000113  00000-0  00000+0 0  9997
2 37748   0.0117 108.7208 0002210  78.8530  67.4049  1.00267972 26611
ASTRA 1N                
1 37775U 11041A   18290.15510910  .00000109  00000-0  00000+0 0  9997
2 37775   0.0487  46.9033 0001328  85.9142 327.8496  1.00272386 26329
SES-2                   
1 37809U 11049A   18289.85514859 -.00000207  00000-0  00000-0 0  9995
2 37809   0.0382  53.5992 0002430 143.3987  49.1938  1.00272092 25935
QUETZSAT 1              
1 37826U 11054A   18289.85715501 -.00000253  00000-0  00000-0 0  9998
2 37826   0.0520  68.8173 0002447 133.2886  54.8158  1.00275059 21830
SES-4                   
1 38087U 12007A   18290.15604894 -.00000179  00000-0  00000+0 0  9990
2 38087   0.0190 306.5565 0002251 287.2181 186.0337  1.00271662 24411
SES-5                   
1 38652U 12036A   18290.21299424  .00000023  00000-0  00000+0 0  9993
2 38652   0.0288 253.9682 0001983 300.6469 272.7279  1.00270754 22992
ASTRA 2F                
1 38778U 12051A   18289.85133164  .00000139  00000-0  00000-0 0  9994
2 38778   0.0541 222.1295 0004250 351.6590 146.2095  1.00271121 13082
SES-6                   
1 39172U 13026A   18290.04166389 -.00000272  00000-0  00000+0 0  9992
2 39172   0.0363  16.3548 0001799 175.4253 168.2409  1.00272934 19655
O3B FM5                 
1 39188U 13031A   18278.54615443 -.00000027  00000-0  00000-0 0  9995
2 39188   0.0291  21.0095 0002573 170.6872 168.3008  5.00115763 96489
O3B FM4                 
1 39189U 13031B   18289.13944353 -.00000031  00000-0  00000-0 0  9993
2 39189   0.0566   9.6700 0002579 196.7282 153.5935  5.00115865 97018
O3B FM2                 
1 39190U 13031C   18289.70459135 -.00000031  00000-0  00000-0 0  9997
2 39190   0.0609  11.9645 0007332 221.1846 126.7887  5.00115876 97013
O3B PFM                 
1 39191U 13031D   18289.53812208 -.00000031  00000-0  00000-0 0  9993
2 39191   0.0371  15.8512 0005326 244.0464 100.0473  5.00112822 96920
ASTRA 2E                
1 39285U 13056A   18289.85051668  .00000139  00000-0  00000-0 0  9992
2 39285   0.0808 321.3525 0002937 252.3966 146.2571  1.00273576 18387
SES-8                   
1 39460U 13071A   18289.66628402 -.00000282  00000-0  00000-0 0  9999
2 39460   0.0256 258.0005 0001719 277.9111 184.1146  1.00273213 16420
ASTRA 5B                
1 39617U 14011B   18289.87878948  .00000143  00000-0  00000-0 0  9998
2 39617   0.0568 300.3506 0003892 256.6921 176.1822  1.00272434 16587
O3B FM3                 
1 40079U 14038A   18289.63959338 -.00000031  00000-0  00000-0 0  9995
2 40079   0.0485  13.9740 0001260 126.6290 219.4112  5.00115303 73118
O3B FM7                 
1 40080U 14038B   18289.58949123 -.00000031  00000-0  00000-0 0  9992
2 40080   0.0497  11.6629 0002596 191.4887 156.8417  5.00116417 77886
O3B FM6                 
1 40081U 14038C   18289.00581419 -.00000031  00000-0  00000-0 0  9990
2 40081   0.0489  12.7801 0002556 190.8339 156.3791  5.00117288 77835
O3B FM8                 
1 40082U 14038D   18289.85580120 -.00000031  00000-0  00000-0 0  9992
2 40082   0.0516  10.7348 0002593 193.7170 155.5410  5.00115116 77980
O3B FM10                
1 40348U 14083A   18289.68908195 -.00000031  00000-0  00000-0 0  9994
2 40348   0.0403   9.7929 0002545 194.0765 156.1238  5.00114334 69958
O3B FM11                
1 40349U 14083B   18289.70554667 -.00000031  00000-0  00000-0 0  9999
2 40349   0.0404  16.5228 0003262 183.4803 159.9892  5.00115909 69956
O3B FM12                
1 40350U 14083C   18289.97258677 -.00000031  00000-0  00000+0 0  9991
2 40350   0.0412  15.5187 0002802 190.7304 153.7417  5.00115657 69962
O3B FM9                 
1 40351U 14083D   18288.75584911 -.00000031  00000-0  00000-0 0  9991
2 40351   0.0401  18.1716 0002597 185.3836 156.4378  5.00114819 69920
ASTRA 2G                
1 40364U 14089A   18289.85142750  .00000139  00000-0  00000-0 0  9992
2 40364   0.0045  40.5008 0001891  65.1006 254.4445  1.00274508 13887
SES-9                   
1 41380U 16013A   18288.63221703 -.00000358  00000-0  00000-0 0  9995
2 41380   0.0233 257.3773 0001594 240.7441 221.9145  1.00271991  9396
SES-10                  
1 42432U 17017A   18289.11752935 -.00000284  00000-0  00000-0 0  9997
2 42432   0.0141 243.8604 0002791 316.3977 159.7308  1.00270392  5692
SES-15                  
1 42709U 17026A   18289.28998800  .00000048  00000-0  00000-0 0  9992
2 42709   0.0179 214.5079 0000615 337.1904 168.3003  1.00269884  6070
SES-11 (ECHOSTAR 105)   
1 42967U 17063A   18289.22291802 -.00000101  00000-0  00000-0 0  9992
2 42967   0.0095 221.5644 0002444 341.3651 157.0840  1.00272240  3731
SES-14                  
1 43175U 18012B   18290.06108102 -.00000289  00000-0  00000+0 0  9999
2 43175   0.0138 181.1552 0000848 357.9903 180.8799  1.00271919  2995
O3B FM15                
1 43231U 18024A   18289.62271401 -.00000031  00000-0  00000-0 0  9994
2 43231   0.0402   5.1309 0002725 199.9597 154.9011  5.00115602 11063
O3B FM16                
1 43232U 18024B   18288.47313571 -.00000032  00000-0  00000+0 0  9992
2 43232   0.0395 358.8704 0003040 209.2961 151.8219  5.00116196 11013
O3B FM14                
1 43233U 18024C   18289.72187792 -.00000031  00000-0  00000-0 0  9996
2 43233   0.0399 356.8540 0002870 215.3296 147.8039  5.00117337 11072
O3B FM13                
1 43234U 18024D   18289.13834957 -.00000031  00000-0  00000+0 0  9993
2 43234   0.0318  37.5367 0004096 201.1993 121.2288  5.00113180 11044
SES-12                  
1 43488U 18049A   18289.62273735 -.00000243  00000-0  00000+0 0  9991
2 43488   2.2513 163.6659 2861113 175.7435  64.0644  0.95756886  1360
