INTELSAT 701 (IS-701)   
1 22871U 93066A   18289.65719552 -.00000159  00000-0  00000+0 0  9997
2 22871   5.1176  64.7076 0001074 164.9076  32.4787  0.99325287 91227
INTELSAT 26 (IS-26)     
1 24732U 97007A   18289.88489600  .00000013  00000-0  00000-0 0  9996
2 24732   8.1783  46.6985 0004759 183.7618 175.6497  1.00270810 44651
GALAXY 25 (G-25)        
1 24812U 97026A   18289.19002682 -.00000174  00000-0  00000+0 0  9999
2 24812   0.5241  94.6696 0003468 119.0835 146.2494  1.00271374 78278
INTELSAT 5 (IS-5)       
1 24916U 97046A   18289.50220406  .00000083  00000-0  00000+0 0  9995
2 24916   4.4912  68.6889 0002777 148.4627 211.6377  1.00270896 77536
INTELSAT 805 (IS-805)   
1 25371U 98037A   18289.83447369 -.00000040  00000-0  00000-0 0  9992
2 25371   1.0603  92.1887 0003221 113.5371 289.1012  1.00273090 74471
AFRISTAR                
1 25515U 98063A   18289.82766929 -.00000279  00000-0  00000-0 0  9990
2 25515   4.2749  66.9399 0003161 180.6147 211.0447  0.99009124 72839
INTELSAT 8 (IS-8)       
1 25522U 98065A   18289.86596582 -.00000211  00000-0  00000-0 0  9996
2 25522   2.1083  86.1513 0292782 230.6495 348.3128  0.95187131 18154
GALAXY 11 (G-11)        
1 26038U 99071A   18289.88149380  .00000126  00000-0  00000-0 0  9993
2 26038   0.0752 101.2932 0000090  64.3209 221.9968  1.00272769 69002
SIRIUS-1                
1 26390U 00035A   18289.87237025 -.00000016  00000-0  00000-0 0  9998
2 26390  59.4402 216.2871 0002232 273.9390 268.5225  1.57877157 27686
INTELSAT 9 (IS-9)       
1 26451U 00043A   18289.82896469  .00000123  00000-0  00000-0 0  9991
2 26451   4.4791  68.8950 0004392 133.1762 142.2399  1.00377190 16063
INTELSAT 12 (IS-12)     
1 26590U 00068A   18290.14033098  .00000126  00000-0  00000+0 0  9992
2 26590   1.5320  89.7414 0002482 135.4846 255.9186  1.00271928 65721
INTELSAT 1R (IS-1R)     
1 26608U 00072A   18289.90365170 -.00000147  00000-0  00000-0 0  9993
2 26608   1.3271  91.3203 0001809  50.5955   5.8834  1.00272221 13248
INTELSAT 10 (IS-10)     
1 26766U 01019A   18290.14646976  .00000116  00000-0  00000+0 0  9998
2 26766   2.5445  82.6827 0001728 117.2535 285.9081  1.00272815 63855
INTELSAT 901 (IS-901)   
1 26824U 01024A   18290.18070447 -.00000224  00000-0  00000+0 0  9998
2 26824   0.5067  94.2484 0002844 108.8474 218.1170  1.00271917 63527
INTELSAT 902 (IS-902)   
1 26900U 01039A   18290.07479859  .00000021  00000-0  00000+0 0  9991
2 26900   0.0263 261.8856 0002780 305.4351 267.1551  1.00273922 62690
DIRECTV 4S              
1 26985U 01052A   18289.85235705 -.00000125  00000-0  00000-0 0  9990
2 26985   0.0218 270.6034 0002423 289.7272  30.6613  1.00272907 23230
INTELSAT 904 (IS-904)   
1 27380U 02007A   18289.80454039  .00000125  00000-0  00000-0 0  9998
2 27380   0.0583 109.2411 0002650  92.5323 158.2404  1.00272226 23688
INTELSAT 903 (IS-903)   
1 27403U 02016A   18289.86622753 -.00000234  00000-0  00000-0 0  9992
2 27403   0.8914  93.2883 0001952  62.9218 149.4727  1.00271362 17596
DIRECTV 5 (TEMPO 1)     
1 27426U 02023A   18289.23725498 -.00000068  00000-0  00000+0 0  9990
2 27426   0.0019 203.3685 0003213 352.8434 163.8022  1.00271719 60228
INTELSAT 905 (IS-905)   
1 27438U 02027A   18289.86762330 -.00000195  00000-0  00000-0 0  9994
2 27438   0.0141 218.9584 0002358 319.6984 134.5510  1.00272862 23290
GALAXY 3C (G-3C)        
1 27445U 02030A   18290.19279866 -.00000162  00000-0  00000+0 0  9994
2 27445   0.0207 280.4196 0001461  55.3215  24.2776  1.00270359 59881
INTELSAT 906 (IS-906)   
1 27513U 02041A   18289.89889958  .00000003  00000-0  00000-0 0  9990
2 27513   0.0260 245.2014 0002314 326.6026 201.3311  1.00272097 58957
INTELSAT 907 (IS-907)   
1 27683U 03007A   18290.00563613 -.00000213  00000-0  00000+0 0  9996
2 27683   0.0193 229.8327 0002775 328.2417 161.9410  1.00271495 57319
GALAXY 12 (G-12)        
1 27715U 03013B   18289.91856903  .00000047  00000-0  00000+0 0  9998
2 27715   0.0931  93.9608 0002725 125.2332   7.8941  1.00273806 56924
GALAXY 23 (G-23)        
1 27854U 03034A   18289.63303119  .00000002  00000-0  00000-0 0  9992
2 27854   0.0199 244.2219 0002983 326.5190 281.2816  1.00271583 55666
GALAXY 13 (HORIZONS-1)  
1 27954U 03044A   18289.63180990  .00000036  00000-0  00000+0 0  9990
2 27954   0.0157 186.7207 0000872 226.9440  71.8951  1.00273561 55070
DIRECTV 7S              
1 28238U 04016A   18289.92048823 -.00000010  00000-0  00000+0 0  9999
2 28238   0.0174 281.6301 0003188 287.3430  28.7293  1.00272811 52982
INTELSAT 10-02          
1 28358U 04022A   18289.87233404 -.00000022  00000-0  00000-0 0  9998
2 28358   0.0173 205.4671 0000632 288.8868 204.0362  1.00269676 52576
XM-3 (RHYTHM)           
1 28626U 05008A   18289.49659434 -.00000217  00000-0  00000+0 0  9999
2 28626   0.0125  96.3678 0000166  30.4573 351.8645  1.00271487 49980
SPACEWAY 1              
1 28644U 05015A   18290.20069525  .00000093  00000-0  00000+0 0  9995
2 28644   0.0538 117.2239 0000716 111.6021  90.2436  1.00276446 49437
DIRECTV 8               
1 28659U 05019A   18289.21132885 -.00000128  00000-0  00000+0 0  9994
2 28659   0.0119 104.5753 0002912  92.3312 163.0838  1.00269798 49107
GALAXY 28 (G-28)        
1 28702U 05022A   18290.12792397 -.00000196  00000-0  00000+0 0  9994
2 28702   0.0192 233.2215 0000586 205.1550 264.2462  1.00268985 48746
GALAXY 14 (G-14)        
1 28790U 05030A   18290.24611383  .00000025  00000-0  00000+0 0  9998
2 28790   0.0512  86.7695 0002484 108.6014 153.9652  1.00274328 48230
GALAXY 15 (G-15)        
1 28884U 05041A   18289.64655853  .00000067  00000-0  00000-0 0  9993
2 28884   0.0481  96.1294 0001828 108.5329 280.2336  1.00273041 47679
SPACEWAY 2              
1 28903U 05046B   18290.22480524 -.00000138  00000-0  00000+0 0  9996
2 28903   0.0303  48.0963 0000195   0.4224 319.0568  1.00272295 47424
GALAXY 16 (G-16)        
1 29236U 06023A   18290.22480782 -.00000138  00000-0  00000+0 0  9998
2 29236   0.0148 133.3360 0002666  62.8106 171.4825  1.00272879 45192
DIRECTV 9S              
1 29494U 06043A   18289.85235705 -.00000125  00000-0  00000-0 0  9993
2 29494   0.0157 171.3267 0003078  36.9308  22.8287  1.00272541 23328
XM-4 (BLUES)            
1 29520U 06049A   18289.48889163 -.00000035  00000-0  00000+0 0  9990
2 29520   0.0257 338.6105 0000612 129.6024 337.4979  1.00273827 43912
GALAXY 17 (G-17)        
1 31307U 07016B   18289.85436347 -.00000185  00000-0  00000-0 0  9991
2 31307   0.0424 345.1600 0003419 226.7275  30.0229  1.00271540 41879
DIRECTV 10              
1 31862U 07032A   18289.21712981 -.00000115  00000-0  00000-0 0  9999
2 31862   0.0294 341.0335 0000130 205.1771 173.8136  1.00272840 17543
SPACEWAY 3              
1 32018U 07036A   18289.85349111 -.00000163  00000-0  00000-0 0  9991
2 32018   0.0088  98.1717 0000204  34.4729 105.0061  1.00271746 18493
INTELSAT 11 (IS-11)     
1 32253U 07044B   18289.86395940 -.00000279  00000-0  00000-0 0  9991
2 32253   0.0285 262.2950 0001810 329.8481  61.2315  1.00271913 40526
HORIZONS-2              
1 32388U 07063B   18289.88984377 -.00000193  00000-0  00000-0 0  9996
2 32388   0.0142 217.7950 0002484 349.2218 223.5207  1.00269499 39778
DIRECTV 11              
1 32729U 08013A   18289.85270598 -.00000137  00000-0  00000-0 0  9999
2 32729   0.0075  92.8729 0000334  52.4604  87.7933  1.00272613 17530
GALAXY 18 (G-18)        
1 32951U 08024A   18289.27291519  .00000013  00000-0  00000-0 0  9992
2 32951   0.0158 252.0434 0003021 308.3771 159.5917  1.00271915 17822
INTELSAT 25 (IS-25)     
1 33153U 08034A   18290.01671879 -.00000235  00000-0  00000+0 0  9999
2 33153   0.0217 245.3276 0002280 341.2468 133.4319  1.00270854 37568
GALAXY 19 (G-19)        
1 33376U 08045A   18290.19818217 -.00000150  00000-0  00000+0 0  9992
2 33376   0.0142 206.6836 0002985 350.5479 162.7837  1.00271305 36764
SIRIUS FM-5             
1 35493U 09034A   18289.85532306 -.00000211  00000-0  00000-0 0  9995
2 35493   0.0194 279.3385 0000802 172.5321 155.2395  1.00271149 18642
INTELSAT 14 (IS-14)     
1 36097U 09064A   18289.05680368 -.00000285  00000-0  00000-0 0  9994
2 36097   0.0028 198.0228 0002439   2.2046 159.7871  1.00272739 32621
INTELSAT 15 (IS-15)     
1 36106U 09067A   18289.88951949 -.00000197  00000-0  00000-0 0  9997
2 36106   0.0193 274.7139 0002264 281.2711 234.7656  1.00271728 13229
DIRECTV 12              
1 36131U 09075A   18289.85200809 -.00000114  00000-0  00000-0 0  9992
2 36131   0.0123 220.9966 0000324 310.9837  57.2474  1.00270633 18512
INTELSAT 16 (IS-16)     
1 36397U 10006A   18290.15049457 -.00000255  00000-0  00000+0 0  9992
2 36397   0.0167 210.7586 0002087 352.9438 159.8750  1.00268972 31660
XM-5                    
1 37185U 10053A   18289.99908771 -.00000216  00000-0  00000+0 0  9990
2 37185   0.0179 211.5175 0000656 262.7273 185.6612  1.00268696 29368
INTELSAT 17 (IS-17)     
1 37238U 10065B   18289.89719576 -.00000014  00000-0  00000-0 0  9991
2 37238   0.0220 147.4057 0002570  63.6741 203.3001  1.00274546 25340
INTELSAT NEW DAWN       
1 37392U 11016A   18289.87905119  .00000144  00000-0  00000-0 0  9990
2 37392   0.0223 230.0530 0000653 344.2011 160.3702  1.00272742 25220
INTELSAT 18 (IS-18)     
1 37834U 11056A   18289.83665459  .00000042  00000-0  00000+0 0  9997
2 37834   0.0159 258.8655 0001979 297.6479 309.9959  1.00275520 25778
INTELSAT 22 (IS-22)     
1 38098U 12011A   18289.72971047 -.00000071  00000-0  00000-0 0  9997
2 38098   0.0109 233.4961 0002964 337.1530 149.3586  1.00272324 23755
INTELSAT 19 (IS-19)     
1 38356U 12030A   18289.46957819 -.00000068  00000-0  00000-0 0  9993
2 38356   0.0098 108.9620 0002988  99.4998 151.5466  1.00272525 22393
INTELSAT 20 (IS-20)     
1 38740U 12043A   18288.74244133 -.00000037  00000-0  00000+0 0  9997
2 38740   0.0099 198.1843 0002958 348.7501 173.0854  1.00271398 22742
INTELSAT 21 (IS-21)     
1 38749U 12045A   18289.09285606 -.00000297  00000-0  00000+0 0  9995
2 38749   0.0201 264.8420 0002275 291.1334 164.0417  1.00271559 22558
INTELSAT 23 (IS-23)     
1 38867U 12057A   18290.07636102 -.00000296  00000-0  00000+0 0  9999
2 38867   0.0028 202.7527 0001803   0.0338 157.2308  1.00267188 22031
SIRIUS FM-6             
1 39360U 13058A   18289.25396865 -.00000029  00000-0  00000-0 0  9992
2 39360   0.0268 262.4399 0000263 234.6819 222.9046  1.00270391 18094
INTELSAT 30 (IS-30)     
1 40271U 14062A   18290.22516917 -.00000161  00000-0  00000+0 0  9998
2 40271   0.0165 205.5008 0002093 265.2559 260.9243  1.00268806 14693
INTELSAT 34 (IS-34)     
1 40874U 15039A   18290.08321264 -.00000296  00000-0  00000+0 0  9994
2 40874   0.0148 249.1168 0000730 223.8327 247.0835  1.00271038 11605
INTELSAT 29E (IS-29E)   
1 41308U 16004A   18290.06800897 -.00000293  00000-0  00000+0 0  9999
2 41308   0.0110 214.3105 0001735 337.1407 168.5701  1.00271136 10085
INTELSAT 31 (IS-31)     
1 41581U 16035A   18290.19276909 -.00000162  00000-0  00000+0 0  9996
2 41581   0.0212 239.2597 0002463 326.6696 154.0839  1.00271116  8621
INTELSAT 36 (IS-36)     
1 41747U 16053A   18289.73975343 -.00000036  00000-0  00000+0 0  9996
2 41747   0.0141 282.5740 0002010  95.6622 341.7959  1.00271487  7894
INTELSAT 33E (IS-33E)   
1 41748U 16053B   18289.76328783  .00000037  00000-0  00000+0 0  9990
2 41748   0.0385  22.5419 0002207 173.1568 164.3194  1.00271588  8140
INTELSAT 32E (IS-32E)   
1 41945U 17007B   18289.05185879 -.00000281  00000-0  00000+0 0  9990
2 41945   0.0211 223.3158 0000838 244.1085 252.5849  1.00268780  6166
INTELSAT 35E (IS-35E)   
1 42818U 17041A   18290.02499935 -.00000249  00000-0  00000+0 0  9992
2 42818   0.0220 237.0003 0001803 334.1631 148.8513  1.00272727  4762
INTELSAT 37E (IS-37E)   
1 42950U 17059A   18288.98204799 -.00000153  00000-0  00000-0 0  9997
2 42950   0.0115 240.0047 0002755 322.3110 157.6963  1.00272725  3979
