COSMOS 2361 [-]         
1 25590U 98076A   18290.07494451  .00000056  00000-0  44292-4 0  9991
2 25590  82.9306 116.1411 0031024 333.5351 143.5579 13.72955527992740
COSMOS 2378 [-]         
1 26818U 01023A   18289.80133348  .00000012  00000-0 -30576-5 0  9999
2 26818  82.9260 136.8398 0031850 285.2616  74.5010 13.73929377870350
COSMOS 2389 [-]         
1 27436U 02026A   18289.94761219  .00000049  00000-0  34440-4 0  9991
2 27436  82.9488  81.0617 0047033 151.5605 320.7422 13.74929439822302
COSMOS 2398 [-]         
1 27818U 03023A   18289.84562616  .00000039  00000-0  26367-4 0  9990
2 27818  82.9511  38.4029 0031379 169.2162 190.9677 13.72160945769672
COSMOS 2407 [+]         
1 28380U 04028A   18290.24091572  .00000043  00000-0  28596-4 0  9996
2 28380  82.9629 347.8034 0039558 159.9300 200.3424 13.76057915714983
COSMOS 2414 [+]         
1 28521U 05002A   18290.08383145  .00000058  00000-0  35790-4 0  9998
2 28521  82.9536   0.7599 0041260  33.0374 327.3358 13.87604131695809
COSMOS 2429 [-]         
1 32052U 07038A   18289.93225436  .00000040  00000-0  25216-4 0  9996
2 32052  82.9768 109.1891 0039425 132.5324 227.9173 13.74907813556837
COSMOS 2454 [-]         
1 35635U 09039A   18290.14228440  .00000049  00000-0  27454-4 0  9997
2 35635  82.9590 349.5624 0019443 353.5751   6.5168 13.89631860468683
COSMOS 2463 [+]         
1 36519U 10017A   18290.23044786  .00000031  00000-0  18321-4 0  9990
2 36519  82.9603 146.4504 0036208 340.0418  19.9316 13.71429547424223
